simple_rnn/simple_rnn_cell/kernel:0
(5, 3)
[[ 1.3364687  -1.381184    1.1101713 ]
 [-1.5308986   0.26576644  0.3345208 ]
 [-0.41157502  1.7822552   0.65805346]
 [-0.04419922  0.13544211 -0.09396055]
 [-1.1810116  -1.5253608   0.29707912]]
simple_rnn/simple_rnn_cell/recurrent_kernel:0
(3, 3)
[[-0.89824575 -1.0212733  -0.92272127]
 [ 0.49589938  0.89214677 -0.3071704 ]
 [ 1.0427743   0.27900666 -1.6251018 ]]
simple_rnn/simple_rnn_cell/bias:0
(3,)
[ 0.19671872 -0.05778553 -0.07194199]
dense/kernel:0
(3, 5)
[[-1.3786539   0.5989018  -0.7622591  -0.33349922  0.8649202 ]
 [-1.4976475  -0.83777905 -1.2859179   0.9965894   1.3979621 ]
 [ 0.7759768   1.1683344  -1.331816    1.4047357  -1.1058998 ]]
dense/bias:0
(5,)
[-0.34095594  0.14075868  0.1618401   0.08619093 -0.2148859 ]
