simple_rnn/simple_rnn_cell/kernel:0
(5, 3)
[[ 0.2317208  -1.7474159   1.7846113 ]
 [-2.260939    0.8674028   0.87185395]
 [ 1.2356217   1.6766804   1.5433446 ]
 [ 0.3143882   0.6996215  -1.0643694 ]
 [-1.8303593  -2.0310092  -1.0345913 ]]
simple_rnn/simple_rnn_cell/recurrent_kernel:0
(3, 3)
[[-0.87483037 -0.18346582 -0.44834363]
 [-0.311412    0.9219252   0.23038337]
 [ 0.37107185  0.34116596 -0.86366165]]
simple_rnn/simple_rnn_cell/bias:0
(3,)
[ 0.6128724   0.3261957  -0.22723971]
dense/kernel:0
(3, 5)
[[-1.635966    0.5942929  -1.6265459   1.6384397   1.0736226 ]
 [-1.6522969  -1.5853283   0.8134623   1.2949346   1.2829806 ]
 [-1.4615163   1.8108081   0.79052037  1.790845   -1.901871  ]]
dense/bias:0
(5,)
[ 0.04606221  0.15824941  0.5354011  -0.6874559  -0.08964378]
