embedding/embeddings:0
(26, 2)
[[-0.26257133 -0.13772237]
 [ 0.50378996 -0.3698118 ]
 [-0.43235418 -0.34718665]
 [-0.12000986  0.21868302]
 [ 0.6824094   0.25748646]
 [-0.0888991  -0.11598969]
 [-0.5250358  -0.35607234]
 [-0.42056242  0.57539797]
 [-0.45126197 -0.08166699]
 [-0.3804313   0.44031113]
 [ 0.09156442 -0.57841957]
 [ 0.5254633   0.0719842 ]
 [ 0.5676338  -0.45100778]
 [-0.20340692  0.08219589]
 [-0.3988479  -0.22425461]
 [ 0.36090952 -0.4305634 ]
 [-0.327162    0.67289656]
 [-0.71565235 -0.13866644]
 [-0.70528585  0.4636607 ]
 [-0.4794053   0.76898474]
 [-0.44410485 -0.4384026 ]
 [ 0.03406696  0.3134269 ]
 [ 0.58013064 -0.58880097]
 [ 0.5159675  -0.6936035 ]
 [ 0.8223398  -0.5520081 ]
 [-0.0353582   0.01978463]]
simple_rnn/simple_rnn_cell/kernel:0
(2, 10)
[[-1.4123765   0.49588928  0.66760755  0.1973702   0.4892757  -1.1073169
  -0.94326687 -1.2766984  -0.37224746 -1.2181734 ]
 [ 1.0217152  -1.1303464  -1.0060405  -0.781136    1.0146685   0.32092303
   0.77353626 -0.906801   -1.0465839   0.539337  ]]
simple_rnn/simple_rnn_cell/recurrent_kernel:0
(10, 10)
[[ 1.0541917   0.26348448 -0.43198353 -0.8215811   0.10208012  0.91403216
   1.0348042   0.21472092 -1.1482217  -0.8660577 ]
 [-1.1302794  -0.14269084  0.21281901  0.15896809  1.2500327  -0.94707775
  -0.40185034 -0.8042458  -0.56684625  0.4053969 ]
 [-0.1415671  -1.0482255  -0.93964344 -0.02109492 -1.0785003  -1.2842402
  -0.7464782  -0.49691835  0.38390005  0.6455368 ]
 [-0.01293473  0.8428692  -0.11414077  0.00560383  1.0670947  -1.0463419
   0.9919085  -0.49313122  0.09211952 -0.6544897 ]
 [-0.9353508   0.89414495 -0.9996287  -0.79331905 -0.93914884  0.38682395
  -0.3520179   0.35975048  0.3006357  -1.429927  ]
 [ 0.12264439 -0.8313727   0.98894775 -0.44652182  0.04175543  0.52512515
  -0.6477389   0.4426015  -0.4821856  -0.2770812 ]
 [-0.04114828  0.6258184   0.7852447  -0.14422247  0.4534051   0.19133447
   0.6008694   1.040464   -1.2534695  -0.72908545]
 [ 0.31925747 -0.02868298  0.5103704  -1.2096107   0.56454057  0.38627636
  -0.36319983 -0.2943695  -1.1273444   0.92570287]
 [ 0.7744914   1.241562   -0.53244036  0.91857123  0.86162364 -0.4230958
   0.39622    -0.39745367 -0.3129692   0.37244233]
 [ 0.7609713   0.13179237 -1.2502307   0.46428502  0.08345916  0.07913073
   0.38854587  1.2902104   0.32733643 -0.75853986]]
simple_rnn/simple_rnn_cell/bias:0
(10,)
[-0.0914343   0.17477174  0.09366449  0.10617906  0.11908217 -0.12127032
 -0.08915441 -0.04040765 -0.03693213 -0.03989666]
dense/kernel:0
(10, 26)
[[-0.0315311  -0.03421206 -0.24362949 -0.07665438  0.6501141  -0.66726387
  -0.80324084  0.748265    1.1088438   0.53911364  1.2940437   0.23655996
  -1.3250848  -0.6711244  -0.5263318  -0.52640724 -0.66208196 -0.96918964
   0.6316842   1.1731306   1.239693    0.9056142   0.7347628  -1.2297566
  -0.6693471  -1.041079  ]
 [-0.1501043  -0.33343342 -0.30123675  0.14855695  0.5133539   0.3642105
  -1.1260312  -0.78968036  0.3570759   0.7297025  -0.94841146 -1.0858424
  -0.63780355 -1.3099661   0.12974115  0.68246514  0.6879065  -0.32271162
   0.5733752   1.03338    -1.0614232  -0.44025725 -0.9003898  -0.714902
   0.47594357  0.9261381 ]
 [ 0.6212753   0.25097823  0.4198789   0.2817606  -1.280809   -0.58125734
   0.8359198  -0.9363155  -0.8098662  -0.22206154  0.6009405  -0.726491
   0.3491531  -1.0147489   0.6874909  -0.62864304  0.9580087  -0.87075114
  -0.34508562  0.7557058  -0.74385333  0.5736253   1.0087478  -0.5406054
   0.92386615 -0.7225283 ]
 [-0.01545466 -0.373712   -0.10373013 -0.02254472  0.37588474  0.9227092
   0.00183439  0.7635153   0.80670834 -0.54501736 -0.76546556 -0.8902856
  -0.98539233  0.88798267  0.6043731   0.8275649   0.3533178  -1.0233397
   0.6425426  -0.48526844 -1.026994   -0.90429074 -0.21106054 -0.48039684
   1.1314511   0.8188628 ]
 [-0.19112393 -0.14320754  0.11014174 -0.1446583   1.0712544   0.9062998
   1.007499   -0.8949798   0.48392665  0.29020542  1.3991044  -0.4974911
  -0.3476304  -0.36448944  0.5418081   0.69817334  0.61550236 -0.7435994
  -0.89352405  0.8664398  -0.98282325 -1.1181699  -1.3146588  -0.90597826
   0.93721944 -0.85917073]
 [-0.05195262 -0.45465332 -0.04129418 -0.02233276 -0.66276985 -0.5179271
   0.7608648  -1.3086175  -0.6806634   1.0788922   0.83493745  1.133554
  -0.80895376 -0.9431017  -0.9222177  -0.8342493  -0.41022092  0.39224854
   0.87421286  0.98775613  0.6476853   1.0518968   1.0496403   1.0514753
  -0.62237734 -0.73272425]
 [ 0.09028452  0.28589925  0.14063172 -0.1965874   0.27611208  0.5427639
  -1.096878   -0.64821476  0.8196528   0.9526307  -0.36312902 -0.89651376
  -0.7645518  -0.53877205  0.8904846   0.81969965  0.8086411  -0.99336284
   0.64956546  0.88968855 -0.10804458 -0.4189791  -1.0178193  -0.5228823
  -1.272624   -0.95048803]
 [-0.3505718  -0.2962178  -0.25405112 -0.3556327  -0.98584    -0.9349872
  -0.4635112   0.7686887   0.8303505   1.1304531   0.5614438   1.1595807
  -1.0836544   0.74190634 -1.1084254   1.143129   -0.95253325 -0.265026
   0.85011774 -0.9601115   1.1371839   1.0448551  -0.6104341   0.61229545
  -0.51478785 -0.58414537]
 [ 0.3172324   0.06385801  0.34652412  0.02507828  0.46935052 -1.1401182
  -0.8757712   0.64148533 -1.1735569  -1.0901538  -0.47422856  0.82345796
  -0.6156848   0.33896694  0.9850755   1.0262715  -0.9776694   0.89066476
   0.9910576  -0.9397613  -0.7033007  -0.9742184  -0.535401    0.71163005
  -1.1301355   0.61543995]
 [-0.5740489  -0.4538793  -0.4702999  -0.36544067  1.1445627  -1.0033543
   0.6501912   0.9710088  -0.9480544  -0.6176074   0.8274286  -0.7874377
   0.84809613 -0.7747507   0.9401544  -0.84595394 -1.2045418   1.0268447
   0.6643059   0.5536502  -0.894625    0.94406873  0.62243724 -1.2245955
   0.81881666 -0.6451063 ]]
dense/bias:0
(26,)
[-0.44725877 -0.42499924 -0.4495465  -0.4508235   0.5974909   0.34481567
  0.42508268  0.02376962  0.5008264   0.4783885   0.38998076 -0.18053946
  0.32247445  0.6999552   0.35267136 -0.08460408  0.25596488  0.62509763
  0.75660396 -0.12577578 -0.24362247  0.04259672  0.06994314  0.403891
 -0.19534653 -0.06866184]
