simple_rnn/simple_rnn_cell/kernel:0
(5, 3)
[[ 0.4836474  -0.37047312  0.7639055 ]
 [-0.76198345  0.43026972  0.6669348 ]
 [ 0.08413371  0.7063557   0.37274128]
 [-0.57029885 -0.02349022  0.07567553]
 [-0.80685663 -0.82956195  0.5572859 ]]
simple_rnn/simple_rnn_cell/recurrent_kernel:0
(3, 3)
[[-0.87483037 -0.18346582 -0.44834363]
 [-0.311412    0.9219252   0.23038337]
 [ 0.37107185  0.34116596 -0.86366165]]
simple_rnn/simple_rnn_cell/bias:0
(3,)
[ 0.10122818  0.09715872 -0.10167963]
dense/kernel:0
(3, 5)
[[-0.5346749  -0.24713127 -0.08001684  0.28380483  0.6926991 ]
 [-0.4195185   0.07561919 -0.4963199  -0.05106384  0.587528  ]
 [-0.01198017  0.47022185 -0.18311499  0.39581412 -0.45905638]]
dense/bias:0
(5,)
[-0.07390217 -0.0880918   0.07415831 -0.06389096  0.08366964]
